8

3
0 0.10
0 1.00
0 3.00

9
0 0.10
0 0.35
0 1.00
0 3.00
0 10.00
1 0.20
1 1.00
1 5.00
2 1.00

9
0 0.10
0 0.35
0 1.00
0 3.00
0 10.00
1 0.20
1 1.00
1 5.00
2 1.00

9
0 0.10
0 0.35
0 1.00
0 3.00
0 10.00
1 0.20
1 1.00
1 5.00
2 1.00

9
0 0.10
0 0.35
0 1.00
0 3.00
0 10.00
1 0.20
1 1.00
1 5.00
2 1.00

9
0 0.10
0 0.35
0 1.00
0 3.00
0 10.00
1 0.20
1 1.00
1 5.00
2 1.00

9
0 0.10
0 0.35
0 1.00
0 3.00
0 10.00
1 0.20
1 1.00
1 5.00
2 1.00

9
0 0.10
0 0.35
0 1.00
0 3.00
0 10.00
1 0.20
1 1.00
1 5.00
2 1.00

9
0 0.10
0 0.35
0 1.00
0 3.00
0 10.00
1 0.20
1 1.00
1 5.00
2 1.00

9
0 0.10
0 0.35
0 1.00
0 3.00
0 10.00
1 0.20
1 1.00
1 5.00
2 1.00